#w_matsubara  g11_Re     g11_Im     g12_Re     g12_Im     g14_Re     g14_Im
0.0314159 -0.0270333 -0.8141503  0.2259497 -0.0790414 -0.0414702 -0.0398281
0.0942478 -0.0372761 -0.8067243  0.2215986 -0.0777576 -0.0236061 -0.0373433
0.1570796 -0.0326185 -0.7848998  0.2091378 -0.0663671 -0.0142533 -0.0311559
0.2199115 -0.0270995 -0.7616872  0.1949785 -0.0566535 -0.0094295 -0.0257649
0.2827433 -0.0218579 -0.7389736  0.1817004 -0.0494955 -0.0066790 -0.0214827
0.3455752 -0.0169552 -0.7177540  0.1695205 -0.0439550 -0.0049974 -0.0181704
0.4084070 -0.0130043 -0.6982359  0.1587129 -0.0393349 -0.0039614 -0.0155282
0.4712389 -0.0092395 -0.6792032  0.1489728 -0.0353034 -0.0031627 -0.0133238
0.5340708 -0.0065849 -0.6619704  0.1405210 -0.0322556 -0.0026656 -0.0115862
0.5969026 -0.0043663 -0.6458262  0.1326346 -0.0294440 -0.0022700 -0.0101166
0.6597345 -0.0023942 -0.6303543  0.1254397 -0.0275332 -0.0020086 -0.0088794
0.7225663 -0.0012561 -0.6155338  0.1193486 -0.0259071 -0.0018055 -0.0078569
0.7853982  0.0003674 -0.6026323  0.1135666 -0.0242234 -0.0015848 -0.0070191
0.8482300  0.0016674 -0.5895473  0.1082382 -0.0228063 -0.0014348 -0.0062565
0.9110619  0.0017514 -0.5771529  0.1031354 -0.0216442 -0.0013185 -0.0055799
0.9738937  0.0024470 -0.5654732  0.0987556 -0.0204472 -0.0012014 -0.0050206
1.0367256  0.0027757 -0.5540825  0.0945095 -0.0197021 -0.0011292 -0.0045207
1.0995574  0.0032758 -0.5434925  0.0907979 -0.0189190 -0.0010427 -0.0041107
1.1623893  0.0025538 -0.5335763  0.0872047 -0.0184216 -0.0010108 -0.0037310
1.2252211  0.0024026 -0.5238128  0.0837907 -0.0172999 -0.0009035 -0.0033723
1.2880530  0.0021139 -0.5141540  0.0806994 -0.0167273 -0.0008478 -0.0030816
1.3508848  0.0021915 -0.5055711  0.0778660 -0.0163453 -0.0008126 -0.0028289
1.4137167  0.0013656 -0.4978889  0.0751231 -0.0156559 -0.0007541 -0.0025952
1.4765485  0.0013412 -0.4893608  0.0726446 -0.0153338 -0.0007145 -0.0023889
1.5393804  0.0007301 -0.4822489  0.0704708 -0.0148742 -0.0006788 -0.0022162
1.6022123  0.0000269 -0.4743281  0.0677984 -0.0146664 -0.0006561 -0.0020118
1.6650441 -0.0008479 -0.4665708  0.0659117 -0.0141477 -0.0006189 -0.0018791
1.7278760 -0.0014017 -0.4601435  0.0635788 -0.0139107 -0.0005927 -0.0017248
1.7907078 -0.0019285 -0.4531841  0.0619348 -0.0134897 -0.0005564 -0.0016066
1.8535397 -0.0020606 -0.4466763  0.0599797 -0.0133609 -0.0005429 -0.0014966
1.9163715 -0.0027628 -0.4403209  0.0583703 -0.0131091 -0.0005159 -0.0013865
1.9792034 -0.0044459 -0.4344415  0.0565898 -0.0128316 -0.0004883 -0.0012869
2.0420352 -0.0051660 -0.4290681  0.0549597 -0.0126113 -0.0004680 -0.0011953
2.1048671 -0.0052071 -0.4223677  0.0534667 -0.0122987 -0.0004329 -0.0011153
2.1676989 -0.0055886 -0.4175517  0.0520143 -0.0121713 -0.0004303 -0.0010463
2.2305308 -0.0063367 -0.4124403  0.0506854 -0.0120170 -0.0004104 -0.0009888
2.2933626 -0.0071097 -0.4078854  0.0493489 -0.0115316 -0.0003855 -0.0009230
2.3561945 -0.0079506 -0.4025250  0.0480771 -0.0114127 -0.0003723 -0.0008591
2.4190263 -0.0083091 -0.3965876  0.0468174 -0.0111702 -0.0003445 -0.0007986
2.4818582 -0.0088440 -0.3922573  0.0455663 -0.0113258 -0.0003533 -0.0007529
2.5446900 -0.0092792 -0.3882493  0.0445730 -0.0109188 -0.0003306 -0.0007007
2.6075219 -0.0103771 -0.3843282  0.0435986 -0.0105872 -0.0003170 -0.0006703
2.6703538 -0.0107925 -0.3791970  0.0424341 -0.0103364 -0.0002962 -0.0006239
2.7331856 -0.0114026 -0.3753430  0.0416246 -0.0106679 -0.0003026 -0.0005877
2.7960175 -0.0121955 -0.3716925  0.0405394 -0.0101982 -0.0002847 -0.0005632
2.8588493 -0.0135946 -0.3672115  0.0397703 -0.0103131 -0.0002763 -0.0005209
2.9216812 -0.0137827 -0.3636230  0.0388028 -0.0100073 -0.0002597 -0.0004896
2.9845130 -0.0143793 -0.3590809  0.0379312 -0.0098036 -0.0002503 -0.0004732
3.0473449 -0.0137959 -0.3557427  0.0373570 -0.0096727 -0.0002399 -0.0004445
3.1101767 -0.0144312 -0.3522412  0.0363693 -0.0094100 -0.0002194 -0.0004262
3.1730086 -0.0150220 -0.3489527  0.0357989 -0.0090637 -0.0002141 -0.0004070
3.2358404 -0.0158818 -0.3457413  0.0348082 -0.0090820 -0.0002132 -0.0003810
3.2986723 -0.0160913 -0.3414756  0.0340792 -0.0091307 -0.0002079 -0.0003521
3.3615041 -0.0159723 -0.3386571  0.0333930 -0.0088076 -0.0001936 -0.0003362
3.4243360 -0.0166214 -0.3355026  0.0327283 -0.0085677 -0.0001814 -0.0003303
3.4871678 -0.0167739 -0.3323035  0.0320248 -0.0086622 -0.0001802 -0.0003026
3.5499997 -0.0169443 -0.3294525  0.0314658 -0.0082024 -0.0001676 -0.0002935
3.6128316 -0.0187239 -0.3271086  0.0310466 -0.0082545 -0.0001705 -0.0002838
3.6756634 -0.0179987 -0.3239255  0.0302375 -0.0085368 -0.0001739 -0.0002638
3.7384953 -0.0176948 -0.3202454  0.0297316 -0.0080818 -0.0001583 -0.0002500
3.8013271 -0.0189106 -0.3174288  0.0292946 -0.0078759 -0.0001519 -0.0002495
3.8641590 -0.0192975 -0.3144419  0.0286882 -0.0077985 -0.0001413 -0.0002300
3.9269908 -0.0182260 -0.3119412  0.0281103 -0.0075393 -0.0001300 -0.0002196
3.9898227 -0.0187569 -0.3095680  0.0277008 -0.0074491 -0.0001298 -0.0002224
4.0526545 -0.0199209 -0.3065471  0.0272628 -0.0075341 -0.0001284 -0.0002022
4.1154864 -0.0201775 -0.3055206  0.0264445 -0.0073567 -0.0001217 -0.0001914
4.1783182 -0.0202482 -0.3018691  0.0261885 -0.0070149 -0.0001161 -0.0001923
4.2411501 -0.0202944 -0.2985638  0.0255040 -0.0073426 -0.0001132 -0.0001758
4.3039819 -0.0207649 -0.2972359  0.0251665 -0.0068872 -0.0001010 -0.0001609
4.3668138 -0.0205225 -0.2947376  0.0248743 -0.0066239 -0.0001001 -0.0001617
4.4296456 -0.0207321 -0.2928928  0.0244718 -0.0066203 -0.0000996 -0.0001582
4.4924775 -0.0209304 -0.2899195  0.0241372 -0.0065106 -0.0000967 -0.0001463
4.5553093 -0.0219286 -0.2876437  0.0235668 -0.0063868 -0.0000916 -0.0001444
4.6181412 -0.0211276 -0.2853273  0.0231699 -0.0063528 -0.0000924 -0.0001412
4.6809731 -0.0209900 -0.2828719  0.0227569 -0.0060585 -0.0000787 -0.0001279
4.7438049 -0.0216509 -0.2811057  0.0224443 -0.0058579 -0.0000761 -0.0001278
4.8066368 -0.0210923 -0.2791813  0.0221387 -0.0060235 -0.0000846 -0.0001232
4.8694686 -0.0215285 -0.2766189  0.0216205 -0.0060292 -0.0000756 -0.0001157
4.9323005 -0.0216797 -0.2747703  0.0213289 -0.0059926 -0.0000709 -0.0001133
4.9951323 -0.0218387 -0.2726363  0.0209708 -0.0057662 -0.0000708 -0.0001088
5.0579642 -0.0215319 -0.2696585  0.0206192 -0.0058827 -0.0000624 -0.0001048
5.1207960 -0.0214500 -0.2683164  0.0201667 -0.0057614 -0.0000683 -0.0000954
5.1836279 -0.0212060 -0.2663918  0.0199839 -0.0053412 -0.0000631 -0.0000901
5.2464597 -0.0214418 -0.2650030  0.0196011 -0.0054929 -0.0000565 -0.0000993
5.3092916 -0.0215945 -0.2636985  0.0196129 -0.0053588 -0.0000617 -0.0000944
5.3721234 -0.0225631 -0.2608131  0.0192402 -0.0049615 -0.0000586 -0.0000903
5.4349553 -0.0214450 -0.2591726  0.0189201 -0.0050858 -0.0000531 -0.0000843
5.4977871 -0.0215718 -0.2572152  0.0183670 -0.0051275 -0.0000554 -0.0000733
5.5606190 -0.0208482 -0.2559743  0.0184041 -0.0049978 -0.0000531 -0.0000750
5.6234508 -0.0222299 -0.2539974  0.0180211 -0.0050600 -0.0000473 -0.0000769
5.6862827 -0.0216837 -0.2511365  0.0177893 -0.0047768 -0.0000560 -0.0000671
5.7491146 -0.0217134 -0.2500864  0.0174784 -0.0047162 -0.0000486 -0.0000690
5.8119464 -0.0216609 -0.2495040  0.0173359 -0.0045383 -0.0000481 -0.0000617
5.8747783 -0.0217171 -0.2472394  0.0171908 -0.0044744 -0.0000454 -0.0000614
5.9376101 -0.0223868 -0.2448635  0.0166079 -0.0043964 -0.0000371 -0.0000620
6.0004420 -0.0221149 -0.2437114  0.0165116 -0.0043666 -0.0000466 -0.0000546
6.0632738 -0.0219153 -0.2424664  0.0162831 -0.0044544 -0.0000426 -0.0000492
6.1261057 -0.0205587 -0.2408372  0.0160600 -0.0043972 -0.0000381 -0.0000544
6.1889375 -0.0215439 -0.2395328  0.0161427 -0.0040546 -0.0000372 -0.0000533
6.2517694 -0.0220933 -0.2370286  0.0157144 -0.0041929 -0.0000444 -0.0000507
6.3146012 -0.0225553 -0.2353840  0.0153215 -0.0042306 -0.0000383 -0.0000456
6.3774331 -0.0221517 -0.2345472  0.0151775 -0.0041403 -0.0000299 -0.0000505
6.4402649 -0.0216087 -0.2334248  0.0150350 -0.0039335 -0.0000412 -0.0000481
6.5030968 -0.0208657 -0.2313612  0.0148196 -0.0040128 -0.0000341 -0.0000429
6.5659286 -0.0200324 -0.2302257  0.0146578 -0.0039347 -0.0000308 -0.0000373
6.6287605 -0.0207823 -0.2295650  0.0145120 -0.0038259 -0.0000334 -0.0000375
6.6915924 -0.0221313 -0.2283168  0.0140969 -0.0037073 -0.0000288 -0.0000321
6.7544242 -0.0214913 -0.2261670  0.0141109 -0.0034127 -0.0000283 -0.0000396
6.8172561 -0.0202847 -0.2242837  0.0138562 -0.0032215 -0.0000239 -0.0000438
6.8800879 -0.0204372 -0.2231655  0.0135834 -0.0035961 -0.0000235 -0.0000304
6.9429198 -0.0196752 -0.2225806  0.0133287 -0.0034509 -0.0000252 -0.0000360
7.0057516 -0.0204965 -0.2210815  0.0134065 -0.0033086 -0.0000189 -0.0000400
7.0685835 -0.0211845 -0.2199314  0.0134037 -0.0034984 -0.0000193 -0.0000362
7.1314153 -0.0201013 -0.2177292  0.0129585 -0.0034791 -0.0000235 -0.0000279
7.1942472 -0.0202339 -0.2160319  0.0128056 -0.0032875 -0.0000147 -0.0000330
7.2570790 -0.0200750 -0.2163110  0.0126991 -0.0033103 -0.0000181 -0.0000314
7.3199109 -0.0192343 -0.2138085  0.0124626 -0.0032870 -0.0000301 -0.0000358
7.3827427 -0.0195917 -0.2127632  0.0121085 -0.0031965 -0.0000175 -0.0000206
7.4455746 -0.0203575 -0.2109416  0.0123015 -0.0028082 -0.0000182 -0.0000282
7.5084064 -0.0202132 -0.2100842  0.0121177 -0.0027847 -0.0000118 -0.0000275
7.5712383 -0.0194646 -0.2095660  0.0119898 -0.0028243 -0.0000143 -0.0000239
7.6340701 -0.0194062 -0.2074275  0.0118437 -0.0025572 -0.0000083 -0.0000289
7.6969020 -0.0197011 -0.2069792  0.0116703 -0.0030911 -0.0000115 -0.0000235
7.7597339 -0.0194607 -0.2052122  0.0114477 -0.0028499 -0.0000193 -0.0000211
7.8225657 -0.0194515 -0.2044598  0.0113206 -0.0027872 -0.0000124 -0.0000250
7.8853976 -0.0202621 -0.2031880  0.0112147 -0.0027651 -0.0000189 -0.0000207
7.9482294 -0.0192465 -0.2022394  0.0111626 -0.0029540 -0.0000185 -0.0000232
8.0110613 -0.0194907 -0.2019736  0.0108200 -0.0025811 -0.0000122 -0.0000254
8.0738931 -0.0189287 -0.2000476  0.0108359 -0.0027320 -0.0000136 -0.0000261
8.1367250 -0.0182047 -0.1991692  0.0107812 -0.0025581 -0.0000197 -0.0000190
8.1995568 -0.0180710 -0.1971670  0.0105214 -0.0026067 -0.0000085 -0.0000268
8.2623887 -0.0187401 -0.1964012  0.0104493 -0.0024838 -0.0000156 -0.0000226
8.3252205 -0.0187797 -0.1964397  0.0102492 -0.0024537 -0.0000163 -0.0000208
8.3880524 -0.0173160 -0.1949545  0.0100073 -0.0023093 -0.0000124 -0.0000147
8.4508842 -0.0171524 -0.1935962  0.0101692 -0.0026088 -0.0000133 -0.0000170
8.5137161 -0.0186600 -0.1920870  0.0102030 -0.0022861 -0.0000021 -0.0000209
8.5765479 -0.0179501 -0.1915771  0.0097140 -0.0024977 -0.0000052 -0.0000186
8.6393798 -0.0184863 -0.1896924  0.0098287 -0.0023537 -0.0000102 -0.0000236
8.7022117 -0.0181075 -0.1893762  0.0097382 -0.0024485 -0.0000023 -0.0000190
8.7650435 -0.0178017 -0.1889441  0.0095864 -0.0021073 -0.0000107 -0.0000240
8.8278754 -0.0183883 -0.1881040  0.0094581 -0.0022658 -0.0000141 -0.0000244
8.8907072 -0.0171916 -0.1862865  0.0094576 -0.0022255 -0.0000085 -0.0000233
8.9535391 -0.0175635 -0.1846491  0.0092348 -0.0023748 -0.0000136 -0.0000165
9.0163709 -0.0177465 -0.1850272  0.0091485 -0.0023418 -0.0000092 -0.0000182
9.0792028 -0.0167166 -0.1831060  0.0092255 -0.0023656 -0.0000176 -0.0000030
9.1420346 -0.0169343 -0.1827849  0.0090656 -0.0021570 -0.0000122 -0.0000137
9.2048665 -0.0167394 -0.1817396  0.0089528 -0.0020567 -0.0000075 -0.0000206
9.2676983 -0.0163309 -0.1803592  0.0088454 -0.0021120 -0.0000110 -0.0000304
9.3305302 -0.0163281 -0.1795125  0.0088787 -0.0019226 -0.0000105 -0.0000262
9.3933620 -0.0171116 -0.1794555  0.0086574 -0.0020714 -0.0000145 -0.0000095
9.4561939 -0.0167979 -0.1782907  0.0085567 -0.0018404 -0.0000039 -0.0000102
9.5190257 -0.0169431 -0.1775965  0.0083929 -0.0018633 -0.0000044 -0.0000030
9.5818576 -0.0169105 -0.1770242  0.0082663 -0.0017550 -0.0000040 -0.0000058
9.6446894 -0.0162682 -0.1761589  0.0082756 -0.0015979 -0.0000075 -0.0000118
9.7075213 -0.0159768 -0.1751008  0.0082293 -0.0019289 -0.0000114 -0.0000102
9.7703532 -0.0155336 -0.1735153  0.0080741 -0.0018313 -0.0000090 -0.0000056
9.8331850 -0.0151052 -0.1729421  0.0078765 -0.0017226 -0.0000128 -0.0000143
9.8960169 -0.0154014 -0.1725118  0.0079158 -0.0018843 -0.0000060 -0.0000160
9.9588487 -0.0147610 -0.1718815  0.0078508 -0.0017402 -0.0000015 -0.0000126
10.0216806 -0.0152765 -0.1703802  0.0076165 -0.0017108 -0.0000029 -0.0000071
10.0845124 -0.0154349 -0.1698834  0.0075845 -0.0017058 -0.0000102 -0.0000149
10.1473443 -0.0151903 -0.1693300  0.0072498 -0.0017264 -0.0000071 -0.0000110
10.2101761 -0.0147655 -0.1686784  0.0073459 -0.0018464  0.0000006 -0.0000023
10.2730080 -0.0157291 -0.1671547  0.0075085 -0.0018423 -0.0000119 -0.0000096
10.3358398 -0.0152593 -0.1665958  0.0073506 -0.0018114 -0.0000081 -0.0000033
10.3986717 -0.0148083 -0.1653353  0.0073855 -0.0018440 -0.0000094 -0.0000073
10.4615035 -0.0149215 -0.1646078  0.0072766 -0.0015648 -0.0000118 -0.0000077
10.5243354 -0.0146471 -0.1645007  0.0074974 -0.0016774 -0.0000046 -0.0000100
10.5871672 -0.0143373 -0.1634201  0.0071474 -0.0015044 -0.0000027 -0.0000058
10.6499991 -0.0144633 -0.1627156  0.0068993 -0.0015859 -0.0000103 -0.0000056
10.7128309 -0.0143964 -0.1620493  0.0070321 -0.0012787 -0.0000029 -0.0000142
10.7756628 -0.0139648 -0.1621122  0.0066214 -0.0015852 -0.0000010  0.0000001
10.8384947 -0.0140934 -0.1611975  0.0066232 -0.0018037 -0.0000023 -0.0000029
10.9013265 -0.0148200 -0.1600133  0.0066874 -0.0018219  0.0000005 -0.0000091
10.9641584 -0.0138578 -0.1597179  0.0067334 -0.0013961 -0.0000060 -0.0000089
11.0269902 -0.0142314 -0.1578751  0.0065066 -0.0013902  0.0000040 -0.0000068
11.0898221 -0.0140627 -0.1571133  0.0065279 -0.0014696 -0.0000028 -0.0000042
11.1526539 -0.0138608 -0.1568367  0.0063600 -0.0013133 -0.0000068 -0.0000090
11.2154858 -0.0135501 -0.1553634  0.0063954 -0.0014675 -0.0000043 -0.0000109
11.2783176 -0.0140235 -0.1558418  0.0065866 -0.0011859 -0.0000016 -0.0000010
11.3411495 -0.0137706 -0.1549714  0.0065749 -0.0013667 -0.0000053 -0.0000034
11.4039813 -0.0132031 -0.1540477  0.0064215 -0.0012508 -0.0000055 -0.0000101
11.4668132 -0.0137156 -0.1526777  0.0060823 -0.0012152 -0.0000064 -0.0000075
11.5296450 -0.0129985 -0.1532333  0.0062098 -0.0015338 -0.0000016 -0.0000093
11.5924769 -0.0127467 -0.1517363  0.0062887 -0.0011655 -0.0000003 -0.0000114
11.6553087 -0.0129013 -0.1519532  0.0057165 -0.0011985  0.0000010  0.0000008
11.7181406 -0.0133786 -0.1501341  0.0061497 -0.0011821 -0.0000048 -0.0000019
11.7809725 -0.0131518 -0.1499381  0.0062568 -0.0012270 -0.0000088  0.0000004
11.8438043 -0.0126521 -0.1495982  0.0060981 -0.0014056 -0.0000016 -0.0000106
11.9066362 -0.0130437 -0.1494127  0.0061429 -0.0012200 -0.0000076 -0.0000088
11.9694680 -0.0128598 -0.1484188  0.0058704 -0.0011719 -0.0000089 -0.0000010
12.0322999 -0.0136403 -0.1476780  0.0056787 -0.0013138  0.0000017 -0.0000043
12.0951317 -0.0126487 -0.1469011  0.0058426 -0.0012361 -0.0000063 -0.0000038
12.1579636 -0.0128353 -0.1466868  0.0055938 -0.0011512 -0.0000006 -0.0000048
12.2207954 -0.0120489 -0.1469346  0.0055292 -0.0012632 -0.0000050 -0.0000035
12.2836273 -0.0122082 -0.1455031  0.0057035 -0.0008950 -0.0000036  0.0000012
12.3464591 -0.0131895 -0.1443357  0.0053713 -0.0011722 -0.0000030 -0.0000047
12.4092910 -0.0128396 -0.1447763  0.0055301 -0.0012065  0.0000030 -0.0000023
12.4721228 -0.0121257 -0.1435619  0.0051034 -0.0009280 -0.0000025 -0.0000006
12.5349547 -0.0124942 -0.1439709  0.0053420 -0.0009815 -0.0000090 -0.0000025
12.5977865 -0.0124295 -0.1425935  0.0051714 -0.0009028 -0.0000018 -0.0000031
12.6606184 -0.0116394 -0.1421673  0.0052801 -0.0008575 -0.0000031 -0.0000004
12.7234502 -0.0119299 -0.1411194  0.0052834 -0.0010795 -0.0000043 -0.0000015
12.7862821 -0.0118638 -0.1413839  0.0051791 -0.0008169 -0.0000037  0.0000037
12.8491140 -0.0113874 -0.1405542  0.0050480 -0.0010215 -0.0000020 -0.0000075
12.9119458 -0.0114247 -0.1397188  0.0048837 -0.0010844  0.0000041 -0.0000079
12.9747777 -0.0116025 -0.1392430  0.0049515 -0.0009279 -0.0000029 -0.0000033
13.0376095 -0.0122018 -0.1386734  0.0048274 -0.0008528 -0.0000033 -0.0000041
13.1004414 -0.0112964 -0.1379849  0.0048844 -0.0009726  0.0000005  0.0000044
13.1632732 -0.0120221 -0.1374058  0.0048535 -0.0009271 -0.0000053 -0.0000043
13.2261051 -0.0116905 -0.1365539  0.0048221 -0.0009923 -0.0000068 -0.0000091
13.2889369 -0.0109779 -0.1362704  0.0047904 -0.0010871 -0.0000029 -0.0000073
13.3517688 -0.0103442 -0.1342932  0.0047820 -0.0011456 -0.0000050 -0.0000053
13.4146006 -0.0111139 -0.1347928  0.0046839 -0.0009909 -0.0000044 -0.0000057
13.4774325 -0.0105953 -0.1347113  0.0045866 -0.0008352 -0.0000047 -0.0000062
13.5402643 -0.0106395 -0.1338967  0.0048433 -0.0007200 -0.0000068 -0.0000113
13.6030962 -0.0111893 -0.1332624  0.0048623 -0.0006436  0.0000014 -0.0000065
13.6659280 -0.0111031 -0.1335827  0.0045611 -0.0008448 -0.0000012 -0.0000008
13.7287599 -0.0113199 -0.1324602  0.0045554 -0.0007900 -0.0000029  0.0000048
13.7915917 -0.0108260 -0.1316263  0.0043635 -0.0009074 -0.0000005 -0.0000030
13.8544236 -0.0111242 -0.1312403  0.0044812 -0.0006705  0.0000045  0.0000048
13.9172555 -0.0114750 -0.1310048  0.0044198 -0.0005517 -0.0000020 -0.0000060
13.9800873 -0.0116345 -0.1310902  0.0043184 -0.0004930  0.0000058 -0.0000132
14.0429192 -0.0107939 -0.1305161  0.0042066 -0.0005283 -0.0000056 -0.0000000
14.1057510 -0.0103351 -0.1296162  0.0044997 -0.0006805  0.0000015 -0.0000046
14.1685829 -0.0105529 -0.1283925  0.0043225 -0.0006045  0.0000060 -0.0000005
14.2314147 -0.0098687 -0.1287674  0.0041586 -0.0008216 -0.0000066 -0.0000005
14.2942466 -0.0092884 -0.1282800  0.0041997 -0.0005922  0.0000018 -0.0000111
14.3570784 -0.0094083 -0.1271876  0.0041791 -0.0006097 -0.0000002 -0.0000082
14.4199103 -0.0100348 -0.1268046  0.0041194 -0.0005462  0.0000021  0.0000019
14.4827421 -0.0100703 -0.1260478  0.0040271 -0.0005157 -0.0000035 -0.0000059
14.5455740 -0.0097243 -0.1257302  0.0040419 -0.0006206  0.0000009 -0.0000012
14.6084058 -0.0096944 -0.1256073  0.0039334 -0.0007466 -0.0000004  0.0000017
14.6712377 -0.0096027 -0.1244263  0.0039431 -0.0007899  0.0000024 -0.0000027
14.7340695 -0.0107398 -0.1253466  0.0041001 -0.0009152 -0.0000052 -0.0000032
14.7969014 -0.0098750 -0.1249996  0.0039405 -0.0006647  0.0000074  0.0000015
14.8597333 -0.0096668 -0.1236672  0.0038828 -0.0005500  0.0000086 -0.0000012
14.9225651 -0.0106475 -0.1234229  0.0040613 -0.0008059  0.0000015 -0.0000015
14.9853970 -0.0092637 -0.1230704  0.0039560 -0.0005232  0.0000052  0.0000013
15.0482288 -0.0094305 -0.1235224  0.0038853 -0.0005768 -0.0000025 -0.0000084
15.1110607 -0.0094487 -0.1226611  0.0037414 -0.0006162  0.0000033 -0.0000043
15.1738925 -0.0090207 -0.1222594  0.0038226 -0.0006400  0.0000028  0.0000002
15.2367244 -0.0086054 -0.1219396  0.0039813 -0.0004104 -0.0000074  0.0000014
15.2995562 -0.0094917 -0.1209629  0.0036936 -0.0005883 -0.0000010 -0.0000072
15.3623881 -0.0091750 -0.1209893  0.0038203 -0.0007084  0.0000022 -0.0000024
15.4252199 -0.0095609 -0.1194569  0.0036690 -0.0005302 -0.0000009 -0.0000026
15.4880518 -0.0095431 -0.1195779  0.0034156 -0.0009221 -0.0000090  0.0000020
15.5508836 -0.0086897 -0.1187909  0.0034085 -0.0006172 -0.0000015 -0.0000006
15.6137155 -0.0087347 -0.1197811  0.0035753 -0.0009358 -0.0000015 -0.0000099
15.6765473 -0.0086573 -0.1189365  0.0035456 -0.0006652 -0.0000036  0.0000003
15.7393792 -0.0100628 -0.1177723  0.0034579 -0.0006538 -0.0000030 -0.0000063
15.8022110 -0.0098500 -0.1172006  0.0037843 -0.0007335 -0.0000011 -0.0000033
15.8650429 -0.0099880 -0.1170324  0.0035628 -0.0004099 -0.0000016  0.0000089
15.9278748 -0.0080864 -0.1165525  0.0034629 -0.0005649  0.0000031  0.0000020
15.9907066 -0.0090680 -0.1161172  0.0035596 -0.0008068 -0.0000016  0.0000019
16.0535385 -0.0094537 -0.1156582  0.0034735 -0.0006137 -0.0000023  0.0000021
16.1163703 -0.0084178 -0.1151219  0.0035405 -0.0005301 -0.0000011 -0.0000016
16.1792022 -0.0085046 -0.1154422  0.0034410 -0.0003526  0.0000001 -0.0000015
16.2420340 -0.0086219 -0.1143028  0.0033538 -0.0003776 -0.0000043 -0.0000011
16.3048659 -0.0086263 -0.1143282  0.0033427 -0.0005102 -0.0000051  0.0000027
16.3676977 -0.0076233 -0.1134708  0.0033391 -0.0006215 -0.0000080  0.0000012
16.4305296 -0.0080431 -0.1136765  0.0031360 -0.0008294  0.0000006  0.0000003
16.4933614 -0.0084903 -0.1135346  0.0029779 -0.0004064 -0.0000093 -0.0000041
16.5561933 -0.0087572 -0.1130007  0.0033472 -0.0005969  0.0000011 -0.0000085
16.6190251 -0.0087048 -0.1126013  0.0030661 -0.0006588  0.0000027  0.0000039
16.6818570 -0.0087209 -0.1124599  0.0033559 -0.0007757 -0.0000051 -0.0000091
16.7446888 -0.0082991 -0.1121209  0.0031834 -0.0005322  0.0000016 -0.0000024
16.8075207 -0.0070762 -0.1115174  0.0029737 -0.0005331 -0.0000012  0.0000068
16.8703525 -0.0077720 -0.1107881  0.0027808 -0.0005729 -0.0000026 -0.0000028
16.9331844 -0.0082886 -0.1101977  0.0029896 -0.0004553  0.0000004 -0.0000095
16.9960163 -0.0082433 -0.1100658  0.0029640 -0.0005073 -0.0000034 -0.0000017
17.0588481 -0.0075942 -0.1095631  0.0029207 -0.0003395 -0.0000053 -0.0000037
17.1216800 -0.0081249 -0.1104152  0.0030453 -0.0003185  0.0000049 -0.0000024
17.1845118 -0.0077769 -0.1088200  0.0030178 -0.0005233  0.0000043 -0.0000075
17.2473437 -0.0073824 -0.1085244  0.0027292 -0.0001426 -0.0000023 -0.0000148
17.3101755 -0.0075387 -0.1078605  0.0031343 -0.0002612 -0.0000030 -0.0000058
17.3730074 -0.0080016 -0.1077445  0.0031034 -0.0004071 -0.0000076 -0.0000011
17.4358392 -0.0078810 -0.1082879  0.0028356 -0.0004976 -0.0000034  0.0000056
17.4986711 -0.0077028 -0.1077315  0.0030342 -0.0004457 -0.0000050  0.0000098
17.5615029 -0.0088223 -0.1066687  0.0030280 -0.0004143  0.0000011  0.0000045
17.6243348 -0.0080748 -0.1066176  0.0027970 -0.0004561  0.0000070 -0.0000011
17.6871666 -0.0072412 -0.1063321  0.0030469 -0.0004235  0.0000087 -0.0000067
17.7499985 -0.0074355 -0.1057428  0.0030122 -0.0003735  0.0000028  0.0000049
17.8128303 -0.0075395 -0.1047423  0.0030888 -0.0002643 -0.0000048 -0.0000044
17.8756622 -0.0074591 -0.1054500  0.0025962 -0.0004042 -0.0000030 -0.0000077
17.9384941 -0.0072222 -0.1050235  0.0027640 -0.0002294 -0.0000030  0.0000067
18.0013259 -0.0077112 -0.1045731  0.0026722 -0.0004409  0.0000024 -0.0000035
18.0641578 -0.0074032 -0.1039160  0.0028458 -0.0004717  0.0000023 -0.0000027
18.1269896 -0.0068728 -0.1038739  0.0028217 -0.0001592 -0.0000025  0.0000070
18.1898215 -0.0068733 -0.1036469  0.0026975 -0.0004994  0.0000001 -0.0000020
18.2526533 -0.0071410 -0.1043509  0.0026992 -0.0004664  0.0000030 -0.0000011
18.3154852 -0.0070424 -0.1031621  0.0027768 -0.0003139 -0.0000101 -0.0000090
18.3783170 -0.0071906 -0.1017980  0.0027815 -0.0001562  0.0000004  0.0000025
18.4411489 -0.0066994 -0.1021687  0.0025318 -0.0003690  0.0000038 -0.0000024
18.5039807 -0.0064086 -0.1020935  0.0027497 -0.0002663  0.0000069  0.0000005
18.5668126 -0.0059760 -0.1011910  0.0025585 -0.0002239  0.0000085 -0.0000027
18.6296444 -0.0057849 -0.1009719  0.0028073 -0.0005359  0.0000024 -0.0000046
18.6924763 -0.0067607 -0.1005034  0.0025767 -0.0004081 -0.0000064 -0.0000049
18.7553081 -0.0067216 -0.1007822  0.0027589 -0.0005836  0.0000000 -0.0000044
18.8181400 -0.0066431 -0.1005693  0.0026262 -0.0003292 -0.0000005 -0.0000025
18.8809718 -0.0066691 -0.1008086  0.0023189 -0.0005242 -0.0000058 -0.0000041
18.9438037 -0.0066738 -0.0996844  0.0025749 -0.0003081 -0.0000053 -0.0000003
19.0066356 -0.0063003 -0.0993232  0.0024937 -0.0004499  0.0000011 -0.0000074
19.0694674 -0.0064736 -0.0993656  0.0024378 -0.0004733 -0.0000025  0.0000027
19.1322993 -0.0068607 -0.0988802  0.0026000 -0.0003196 -0.0000075 -0.0000006
19.1951311 -0.0071170 -0.0986564  0.0025854 -0.0004426 -0.0000019 -0.0000049
19.2579630 -0.0067717 -0.0990295  0.0026344 -0.0003234 -0.0000019 -0.0000058
19.3207948 -0.0059527 -0.0992919  0.0025094 -0.0001924 -0.0000016 -0.0000020
19.3836267 -0.0062627 -0.0978906  0.0026055 -0.0002998  0.0000114 -0.0000051
19.4464585 -0.0068635 -0.0977840  0.0023966 -0.0003420  0.0000062 -0.0000012
19.5092904 -0.0064253 -0.0972980  0.0023675 -0.0001985  0.0000028 -0.0000036
19.5721222 -0.0060507 -0.0967064  0.0022177 -0.0004548  0.0000014 -0.0000018
19.6349541 -0.0055521 -0.0965183  0.0023741 -0.0000996 -0.0000067  0.0000069
19.6977859 -0.0061198 -0.0966711  0.0022770 -0.0002454 -0.0000023  0.0000061
19.7606178 -0.0065846 -0.0961431  0.0023640 -0.0001780 -0.0000044  0.0000062
19.8234496 -0.0052213 -0.0957483  0.0025798 -0.0001625 -0.0000073 -0.0000047
19.8862815 -0.0065344 -0.0954687  0.0022247 -0.0003066 -0.0000184 -0.0000009
19.9491134 -0.0063564 -0.0954393  0.0024025 -0.0004570 -0.0000101 -0.0000022
20.0119452 -0.0065604 -0.0955369  0.0021096 -0.0003145 -0.0000022 -0.0000078
