#w_matsubara  g11_Re     g11_Im     g12_Re     g12_Im     g14_Re     g14_Im     
 0.0314159  0.0001847 -0.0076459  0.0933933 -0.0000199 -0.0000055 -0.0000486
 0.0942478  0.0001714 -0.0229175  0.0932808 -0.0000246 -0.0000110 -0.0001009
 0.1570796  0.0001381 -0.0380496  0.0930639 -0.0000277 -0.0000159 -0.0001521
 0.2199115  0.0000872 -0.0529523  0.0927450 -0.0000290 -0.0000199 -0.0002020
 0.2827433  0.0000225 -0.0675423  0.0923271 -0.0000285 -0.0000228 -0.0002509
 0.3455752 -0.0000515 -0.0817440  0.0918144 -0.0000262 -0.0000245 -0.0002986
 0.4084070 -0.0001300 -0.0954916  0.0912115 -0.0000221 -0.0000250 -0.0003452
 0.4712389 -0.0002070 -0.1087299  0.0905237 -0.0000165 -0.0000242 -0.0003908
 0.5340708 -0.0002777 -0.1214158  0.0897568 -0.0000097 -0.0000223 -0.0004352
 0.5969026 -0.0003370 -0.1335161  0.0889168 -0.0000018 -0.0000196 -0.0004781
 0.6597345 -0.0003813 -0.1450096  0.0880101  0.0000068 -0.0000162 -0.0005194
 0.7225663 -0.0004078 -0.1558848  0.0870434  0.0000156 -0.0000123 -0.0005590
 0.7853982 -0.0004152 -0.1661383  0.0860229  0.0000245 -0.0000083 -0.0005967
 0.8482300 -0.0004034 -0.1757754  0.0849550  0.0000331 -0.0000044 -0.0006321
 0.9110619 -0.0003736 -0.1848082  0.0838463  0.0000413 -0.0000008 -0.0006650
 0.9738937 -0.0003284 -0.1932517  0.0827026  0.0000487  0.0000021 -0.0006953
 1.0367256 -0.0002721 -0.2011263  0.0815297  0.0000553  0.0000044 -0.0007228
 1.0995574 -0.0002085 -0.2084540  0.0803330  0.0000609  0.0000059 -0.0007471
 1.1623893 -0.0001428 -0.2152578  0.0791175  0.0000656  0.0000065 -0.0007680
 1.2252211 -0.0000796 -0.2215620  0.0778880  0.0000694  0.0000065 -0.0007855
 1.2880530 -0.0000238 -0.2273907  0.0766487  0.0000722  0.0000058 -0.0007994
 1.3508848  0.0000213 -0.2327679  0.0754036  0.0000743  0.0000048 -0.0008096
 1.4137167  0.0000525 -0.2377159  0.0741561  0.0000756  0.0000036 -0.0008164
 1.4765485  0.0000682 -0.2422580  0.0729095  0.0000762  0.0000024 -0.0008197
 1.5393804  0.0000685 -0.2464158  0.0716663  0.0000760  0.0000013 -0.0008198
 1.6022123  0.0000540 -0.2502108  0.0704288  0.0000752  0.0000006 -0.0008168
 1.6650441  0.0000270 -0.2536636  0.0691994  0.0000738  0.0000002 -0.0008111
 1.7278760 -0.0000093 -0.2567951  0.0679795  0.0000719  0.0000002 -0.0008031
 1.7907078 -0.0000513 -0.2596243  0.0667707  0.0000695  0.0000008 -0.0007929
 1.8535397 -0.0000948 -0.2621719  0.0655742  0.0000668  0.0000017 -0.0007811
 1.9163715 -0.0001345 -0.2644564  0.0643910  0.0000635  0.0000028 -0.0007680
 1.9792034 -0.0001670 -0.2664968  0.0632218  0.0000599  0.0000043 -0.0007540
 2.0420352 -0.0001884 -0.2683105  0.0620675  0.0000562  0.0000058 -0.0007395
 2.1048671 -0.0001960 -0.2699145  0.0609287  0.0000523  0.0000073 -0.0007248
 2.1676989 -0.0001885 -0.2713248  0.0598058  0.0000485  0.0000087 -0.0007101
 2.2305308 -0.0001653 -0.2725559  0.0586992  0.0000446  0.0000097 -0.0006957
 2.2933626 -0.0001267 -0.2736212  0.0576094  0.0000408  0.0000102 -0.0006815
 2.3561945 -0.0000753 -0.2745335  0.0565366  0.0000375  0.0000103 -0.0006677
 2.4190263 -0.0000137 -0.2753033  0.0554814  0.0000345  0.0000099 -0.0006542
 2.4818582  0.0000539 -0.2759407  0.0544438  0.0000321  0.0000091 -0.0006409
 2.5446900  0.0001235 -0.2764536  0.0534243  0.0000303  0.0000078 -0.0006276
 2.6075219  0.0001902 -0.2768504  0.0524232  0.0000295  0.0000060 -0.0006141
 2.6703538  0.0002499 -0.2771380  0.0514404  0.0000291  0.0000042 -0.0006004
 2.7331856  0.0002989 -0.2773227  0.0504762  0.0000292  0.0000024 -0.0005862
 2.7960175  0.0003337 -0.2774099  0.0495308  0.0000299  0.0000006 -0.0005714
 2.8588493  0.0003526 -0.2774049  0.0486040  0.0000308 -0.0000011 -0.0005558
 2.9216812  0.0003548 -0.2773126  0.0476959  0.0000320 -0.0000027 -0.0005395
 2.9845130  0.0003402 -0.2771378  0.0468064  0.0000330 -0.0000040 -0.0005225
 3.0473449  0.0003106 -0.2768853  0.0459352  0.0000339 -0.0000052 -0.0005047
 3.1101767  0.0002688 -0.2765591  0.0450823  0.0000344 -0.0000061 -0.0004864
 3.1730086  0.0002183 -0.2761640  0.0442473  0.0000341 -0.0000068 -0.0004678
 3.2358404  0.0001634 -0.2757040  0.0434299  0.0000330 -0.0000072 -0.0004491
 3.2986723  0.0001082 -0.2751835  0.0426299  0.0000309 -0.0000074 -0.0004305
 3.3615041  0.0000572 -0.2746064  0.0418469  0.0000276 -0.0000075 -0.0004124
 3.4243360  0.0000144 -0.2739767  0.0410807  0.0000232 -0.0000075 -0.0003951
 3.4871678 -0.0000167 -0.2732982  0.0403308  0.0000175 -0.0000074 -0.0003787
 3.5499997 -0.0000342 -0.2725752  0.0395970  0.0000108 -0.0000072 -0.0003634
 3.6128316 -0.0000368 -0.2718110  0.0388788  0.0000033 -0.0000070 -0.0003491
 3.6756634 -0.0000249 -0.2710090  0.0381761 -0.0000048 -0.0000067 -0.0003361
 3.7384953  0.0000005 -0.2701728  0.0374887 -0.0000134 -0.0000063 -0.0003241
 3.8013271  0.0000375 -0.2693058  0.0368162 -0.0000219 -0.0000058 -0.0003130
 3.8641590  0.0000824 -0.2684107  0.0361583 -0.0000300 -0.0000051 -0.0003028
 3.9269908  0.0001318 -0.2674909  0.0355149 -0.0000374 -0.0000043 -0.0002932
 3.9898227  0.0001822 -0.2665488  0.0348854 -0.0000438 -0.0000032 -0.0002840
 4.0526545  0.0002299 -0.2655871  0.0342699 -0.0000490 -0.0000021 -0.0002751
 4.1154864  0.0002718 -0.2646072  0.0336679 -0.0000529 -0.0000010 -0.0002663
 4.1783182  0.0003052 -0.2636117  0.0330792 -0.0000554  0.0000003 -0.0002574
 4.2411501  0.0003284 -0.2626018  0.0325033 -0.0000565  0.0000013 -0.0002485
 4.3039819  0.0003404 -0.2615791  0.0319401 -0.0000563  0.0000022 -0.0002394
 4.3668138  0.0003411 -0.2605451  0.0313890 -0.0000550  0.0000026 -0.0002302
 4.4296456  0.0003312 -0.2595004  0.0308499 -0.0000529  0.0000029 -0.0002209
 4.4924775  0.0003120 -0.2584456  0.0303225 -0.0000503  0.0000029 -0.0002118
 4.5553093  0.0002858 -0.2573808  0.0298065 -0.0000476  0.0000026 -0.0002029
 4.6181412  0.0002544 -0.2563072  0.0293016 -0.0000450  0.0000019 -0.0001943
 4.6809731  0.0002198 -0.2552242  0.0288074 -0.0000428  0.0000009 -0.0001863
 4.7438049  0.0001842 -0.2541318  0.0283236 -0.0000411 -0.0000004 -0.0001789
 4.8066368  0.0001495 -0.2530300  0.0278500 -0.0000400 -0.0000019 -0.0001720
 4.8694686  0.0001166 -0.2519184  0.0273863 -0.0000394 -0.0000034 -0.0001658
 4.9323005  0.0000867 -0.2507968  0.0269321 -0.0000396 -0.0000049 -0.0001600
 4.9951323  0.0000603 -0.2496650  0.0264873 -0.0000401 -0.0000062 -0.0001547
 5.0579642  0.0000375 -0.2485231  0.0260515 -0.0000407 -0.0000072 -0.0001497
 5.1207960  0.0000185 -0.2473716  0.0256245 -0.0000412 -0.0000078 -0.0001450
 5.1836279  0.0000034 -0.2462113  0.0252059 -0.0000414 -0.0000080 -0.0001405
 5.2464597 -0.0000084 -0.2450433  0.0247955 -0.0000411 -0.0000080 -0.0001360
 5.3092916 -0.0000166 -0.2438690  0.0243927 -0.0000401 -0.0000077 -0.0001315
 5.3721234 -0.0000212 -0.2426901  0.0239975 -0.0000384 -0.0000071 -0.0001269
 5.4349553 -0.0000219 -0.2415088  0.0236095 -0.0000357 -0.0000065 -0.0001222
 5.4977871 -0.0000182 -0.2403273  0.0232286 -0.0000322 -0.0000059 -0.0001175
 5.5606190 -0.0000096 -0.2391475  0.0228548 -0.0000281 -0.0000054 -0.0001128
 5.6234508  0.0000040 -0.2379716  0.0224879 -0.0000233 -0.0000051 -0.0001083
 5.6862827  0.0000229 -0.2368017  0.0221279 -0.0000181 -0.0000050 -0.0001039
 5.7491146  0.0000470 -0.2356394  0.0217748 -0.0000126 -0.0000052 -0.0000999
 5.8119464  0.0000763 -0.2344854  0.0214288 -0.0000073 -0.0000058 -0.0000964
 5.8747783  0.0001090 -0.2333407  0.0210902 -0.0000021 -0.0000067 -0.0000933
 5.9376101  0.0001443 -0.2322044  0.0207592  0.0000026 -0.0000078 -0.0000908
 6.0004420  0.0001804 -0.2310767  0.0204361  0.0000069 -0.0000090 -0.0000889
 6.0632738  0.0002146 -0.2299563  0.0201210  0.0000105 -0.0000103 -0.0000873
 6.1261057  0.0002445 -0.2288417  0.0198141  0.0000136 -0.0000116 -0.0000861
 6.1889375  0.0002680 -0.2277312  0.0195156  0.0000161 -0.0000126 -0.0000850
 6.2517694  0.0002825 -0.2266227  0.0192256  0.0000181 -0.0000132 -0.0000839
 6.3146012  0.0002858 -0.2255143  0.0189439  0.0000197 -0.0000134 -0.0000826
 6.3774331  0.0002773 -0.2244044  0.0186706  0.0000210 -0.0000130 -0.0000810
 6.4402649  0.0002564 -0.2232916  0.0184052  0.0000220 -0.0000121 -0.0000791
 6.5030968  0.0002238 -0.2221752  0.0181473  0.0000227 -0.0000107 -0.0000767
 6.5659286  0.0001807 -0.2210552  0.0178961  0.0000231 -0.0000088 -0.0000738
 6.6287605  0.0001297 -0.2199320  0.0176512  0.0000233 -0.0000065 -0.0000705
 6.6915924  0.0000738 -0.2188064  0.0174117  0.0000233 -0.0000041 -0.0000668
 6.7544242  0.0000170 -0.2176808  0.0171769  0.0000227 -0.0000015 -0.0000629
 6.8172561 -0.0000365 -0.2165567  0.0169459  0.0000216  0.0000010 -0.0000588
 6.8800879 -0.0000832 -0.2154372  0.0167180  0.0000199  0.0000033 -0.0000548
 6.9429198 -0.0001196 -0.2143248  0.0164925  0.0000176  0.0000054 -0.0000511
 7.0057516 -0.0001429 -0.2132228  0.0162687  0.0000145  0.0000070 -0.0000478
 7.0685835 -0.0001515 -0.2121337  0.0160463  0.0000107  0.0000081 -0.0000450
 7.1314153 -0.0001446 -0.2110593  0.0158250  0.0000063  0.0000086 -0.0000428
 7.1942472 -0.0001230 -0.2100013  0.0156048  0.0000015  0.0000084 -0.0000413
 7.2570790 -0.0000890 -0.2089609  0.0153856 -0.0000037  0.0000077 -0.0000402
 7.3199109 -0.0000457 -0.2079379  0.0151676 -0.0000085  0.0000064 -0.0000394
 7.3827427  0.0000031 -0.2069311  0.0149513 -0.0000129  0.0000047 -0.0000389
 7.4455746  0.0000531 -0.2059391  0.0147372 -0.0000165  0.0000027 -0.0000384
 7.5084064  0.0000996 -0.2049593  0.0145261 -0.0000188  0.0000006 -0.0000377
 7.5712383  0.0001394 -0.2039884  0.0143184 -0.0000195 -0.0000014 -0.0000368
 7.6340701  0.0001688 -0.2030234  0.0141149 -0.0000185 -0.0000032 -0.0000354
 7.6969020  0.0001858 -0.2020612  0.0139161 -0.0000156 -0.0000045 -0.0000336
 7.7597339  0.0001891 -0.2010987  0.0137227 -0.0000107 -0.0000054 -0.0000313
 7.8225657  0.0001796 -0.2001336  0.0135349 -0.0000040 -0.0000056 -0.0000287
 7.8853976  0.0001586 -0.1991636  0.0133530  0.0000041 -0.0000052 -0.0000259
 7.9482294  0.0001295 -0.1981881  0.0131769  0.0000133 -0.0000042 -0.0000236
 8.0110613  0.0000955 -0.1972073  0.0130070  0.0000233 -0.0000025 -0.0000207
 8.0738931  0.0000607 -0.1962224  0.0128427  0.0000333 -0.0000004 -0.0000182
 8.1367250  0.0000292 -0.1952350  0.0126837  0.0000430  0.0000020 -0.0000161
 8.1995568  0.0000050 -0.1942488  0.0125295  0.0000516  0.0000046 -0.0000147
 8.2623887 -0.0000093 -0.1932668  0.0123794  0.0000587  0.0000071 -0.0000140
 8.3252205 -0.0000113 -0.1922928  0.0122326  0.0000637  0.0000093 -0.0000142
 8.3880524 -0.0000006 -0.1913303  0.0120888  0.0000665  0.0000110 -0.0000148
 8.4508842  0.0000224 -0.1903830  0.0119467  0.0000669  0.0000120 -0.0000165
 8.5137161  0.0000560 -0.1894532  0.0118061  0.0000648  0.0000122 -0.0000186
 8.5765479  0.0000971 -0.1885431  0.0116662  0.0000604  0.0000114 -0.0000209
 8.6393798  0.0001428 -0.1876533  0.0115268  0.0000536  0.0000098 -0.0000233
 8.7022117  0.0001887 -0.1867832  0.0113875  0.0000450  0.0000074 -0.0000252
 8.7650435  0.0002312 -0.1859315  0.0112482  0.0000350  0.0000042 -0.0000266
 8.8278754  0.0002665 -0.1850960  0.0111088  0.0000242  0.0000007 -0.0000273
 8.8907072  0.0002914 -0.1842729  0.0109697  0.0000130 -0.0000031 -0.0000270
 8.9535391  0.0003040 -0.1834583  0.0108311  0.0000017 -0.0000069 -0.0000259
 9.0163709  0.0003033 -0.1826487  0.0106932 -0.0000089 -0.0000105 -0.0000238
 9.0792028  0.0002891 -0.1818398  0.0105568 -0.0000185 -0.0000137 -0.0000208
 9.1420346  0.0002631 -0.1810279  0.0104221 -0.0000266 -0.0000161 -0.0000172
 9.2048665  0.0002269 -0.1802095  0.0102897 -0.0000331 -0.0000177 -0.0000130
 9.2676983  0.0001839 -0.1793830  0.0101600 -0.0000376 -0.0000182 -0.0000086
 9.3305302  0.0001373 -0.1785466  0.0100334 -0.0000401 -0.0000177 -0.0000041
 9.3933620  0.0000913 -0.1777007  0.0099102 -0.0000406 -0.0000161 -0.0000000
 9.4561939  0.0000497 -0.1768458  0.0097906 -0.0000394 -0.0000136  0.0000036
 9.5190257  0.0000156 -0.1759841  0.0096745 -0.0000364 -0.0000101  0.0000063
 9.5818576 -0.0000084 -0.1751179  0.0095623 -0.0000321 -0.0000061  0.0000082
 9.6446894 -0.0000203 -0.1742512  0.0094536 -0.0000266 -0.0000016  0.0000090
 9.7075213 -0.0000197 -0.1733882  0.0093483 -0.0000204  0.0000030  0.0000088
 9.7703532 -0.0000069 -0.1725332  0.0092462 -0.0000136  0.0000075  0.0000078
 9.8331850  0.0000166 -0.1716902  0.0091469 -0.0000066  0.0000116  0.0000059
 9.8960169  0.0000490 -0.1708638  0.0090500  0.0000003  0.0000150  0.0000036
 9.9588487  0.0000869 -0.1700567  0.0089551  0.0000069  0.0000177  0.0000009
 10.0216806  0.0001277 -0.1692713  0.0088621  0.0000128  0.0000194 -0.0000018
 10.0845124  0.0001673 -0.1685086  0.0087706  0.0000180  0.0000200 -0.0000044
 10.1473443  0.0002022 -0.1677692  0.0086802  0.0000222  0.0000196 -0.0000065
 10.2101761  0.0002295 -0.1670515  0.0085908  0.0000254  0.0000182 -0.0000080
 10.2730080  0.0002471 -0.1663531  0.0085021  0.0000275  0.0000158 -0.0000087
 10.3358398  0.0002531 -0.1656704  0.0084140  0.0000284  0.0000126 -0.0000085
 10.3986717  0.0002470 -0.1649996  0.0083265  0.0000283  0.0000089 -0.0000073
 10.4615035  0.0002291 -0.1643356  0.0082397  0.0000272  0.0000050 -0.0000052
 10.5243354  0.0001999 -0.1636741  0.0081534  0.0000252  0.0000009 -0.0000023
 10.5871672  0.0001616 -0.1630098  0.0080679  0.0000222 -0.0000029  0.0000012
 10.6499991  0.0001167 -0.1623387  0.0079831  0.0000186 -0.0000062  0.0000052
 10.7128309  0.0000679 -0.1616581  0.0078991  0.0000145 -0.0000089  0.0000094
 10.7756628  0.0000176 -0.1609656  0.0078161  0.0000100 -0.0000107  0.0000135
 10.8384947 -0.0000306 -0.1602599  0.0077342  0.0000054 -0.0000117  0.0000174
 10.9013265 -0.0000748 -0.1595416  0.0076535  0.0000008 -0.0000118  0.0000207
 10.9641584 -0.0001122 -0.1588128  0.0075739 -0.0000036 -0.0000110  0.0000234
 11.0269902 -0.0001417 -0.1580756  0.0074954 -0.0000075 -0.0000095  0.0000254
 11.0898221 -0.0001614 -0.1573338  0.0074179 -0.0000107 -0.0000074  0.0000266
 11.1526539 -0.0001711 -0.1565918  0.0073415 -0.0000132 -0.0000047  0.0000270
 11.2154858 -0.0001707 -0.1558538  0.0072662 -0.0000149 -0.0000019  0.0000266
 11.2783176 -0.0001606 -0.1551240  0.0071918 -0.0000159  0.0000010  0.0000255
 11.3411495 -0.0001417 -0.1544068  0.0071183 -0.0000160  0.0000036  0.0000237
 11.4039813 -0.0001158 -0.1537047  0.0070457 -0.0000154  0.0000059  0.0000214
 11.4668132 -0.0000840 -0.1530207  0.0069738 -0.0000142  0.0000076  0.0000188
 11.5296450 -0.0000484 -0.1523558  0.0069025 -0.0000126  0.0000086  0.0000160
 11.5924769 -0.0000114 -0.1517099  0.0068322 -0.0000107  0.0000087  0.0000131
 11.6553087  0.0000253 -0.1510814  0.0067627 -0.0000089  0.0000081  0.0000103
 11.7181406  0.0000597 -0.1504686  0.0066941 -0.0000073  0.0000068  0.0000077
 11.7809725  0.0000899 -0.1498677  0.0066267 -0.0000060  0.0000049  0.0000055
 11.8438043  0.0001140 -0.1492752  0.0065604 -0.0000052  0.0000026  0.0000036
 11.9066362  0.0001307 -0.1486872  0.0064955 -0.0000051  0.0000001  0.0000021
 11.9694680  0.0001386 -0.1481001  0.0064323 -0.0000056 -0.0000024  0.0000011
 12.0322999  0.0001373 -0.1475099  0.0063707 -0.0000068 -0.0000046  0.0000004
 12.0951317  0.0001260 -0.1469143  0.0063109 -0.0000087 -0.0000064  0.0000002
 12.1579636  0.0001053 -0.1463115  0.0062529 -0.0000111 -0.0000076  0.0000003
 12.2207954  0.0000755 -0.1457013  0.0061966 -0.0000140 -0.0000081  0.0000009
 12.2836273  0.0000386 -0.1450843  0.0061420 -0.0000169 -0.0000079  0.0000017
 12.3464591 -0.0000046 -0.1444624  0.0060889 -0.0000198 -0.0000070  0.0000029
 12.4092910 -0.0000520 -0.1438380  0.0060370 -0.0000225 -0.0000055  0.0000044
 12.4721228 -0.0001014 -0.1432148  0.0059860 -0.0000249 -0.0000035  0.0000062
 12.5349547 -0.0001502 -0.1425963  0.0059358 -0.0000266 -0.0000013  0.0000080
 12.5977865 -0.0001958 -0.1419867  0.0058858 -0.0000277  0.0000009  0.0000100
 12.6606184 -0.0002358 -0.1413898  0.0058359 -0.0000278  0.0000029  0.0000119
 12.7234502 -0.0002684 -0.1408081  0.0057857 -0.0000271  0.0000044  0.0000138
 12.7862821 -0.0002915 -0.1402445  0.0057351 -0.0000255  0.0000052  0.0000156
 12.8491140 -0.0003043 -0.1397000  0.0056839 -0.0000232  0.0000052  0.0000172
 12.9119458 -0.0003060 -0.1391744  0.0056321 -0.0000202  0.0000044  0.0000186
 12.9747777 -0.0002966 -0.1386660  0.0055797 -0.0000167  0.0000029  0.0000197
 13.0376095 -0.0002767 -0.1381730  0.0055271 -0.0000126  0.0000008  0.0000204
 13.1004414 -0.0002478 -0.1376921  0.0054744 -0.0000084 -0.0000017  0.0000208
 13.1632732 -0.0002117 -0.1372196  0.0054219 -0.0000041 -0.0000043  0.0000206
 13.2261051 -0.0001710 -0.1367514  0.0053699 -0.0000001 -0.0000069  0.0000201
 13.2889369 -0.0001278 -0.1362840  0.0053186  0.0000035 -0.0000092  0.0000191
 13.3517688 -0.0000853 -0.1358133  0.0052684  0.0000065 -0.0000109  0.0000178
 13.4146006 -0.0000458 -0.1353366  0.0052192  0.0000089 -0.0000120  0.0000162
 13.4774325 -0.0000120 -0.1348514  0.0051712  0.0000107 -0.0000122  0.0000145
 13.5402643  0.0000145 -0.1343567  0.0051245  0.0000118 -0.0000116  0.0000127
 13.6030962  0.0000320 -0.1338517  0.0050790  0.0000123 -0.0000101  0.0000111
 13.6659280  0.0000396 -0.1333371  0.0050342  0.0000122 -0.0000079  0.0000098
 13.7287599  0.0000376 -0.1328144  0.0049903  0.0000116 -0.0000051  0.0000087
 13.7915917  0.0000265 -0.1322850  0.0049467  0.0000107 -0.0000019  0.0000081
 13.8544236  0.0000074 -0.1317513  0.0049033  0.0000096  0.0000014  0.0000079
 13.9172555 -0.0000174 -0.1312154  0.0048598  0.0000084  0.0000045  0.0000081
 13.9800873 -0.0000455 -0.1306804  0.0048158  0.0000072  0.0000073  0.0000088
 14.0429192 -0.0000742 -0.1301483  0.0047712  0.0000059  0.0000096  0.0000097
 14.1057510 -0.0001002 -0.1296213  0.0047260  0.0000048  0.0000112  0.0000110
 14.1685829 -0.0001219 -0.1291015  0.0046800  0.0000036  0.0000120  0.0000124
 14.2314147 -0.0001364 -0.1285898  0.0046335  0.0000026  0.0000122  0.0000138
 14.2942466 -0.0001420 -0.1280873  0.0045865  0.0000017  0.0000117  0.0000152
 14.3570784 -0.0001381 -0.1275950  0.0045394  0.0000007  0.0000107  0.0000164
 14.4199103 -0.0001242 -0.1271133  0.0044924 -0.0000003  0.0000093  0.0000172
 14.4827421 -0.0001006 -0.1266423  0.0044458 -0.0000013  0.0000076  0.0000177
 14.5455740 -0.0000692 -0.1261823  0.0044000 -0.0000023  0.0000057  0.0000179
 14.6084058 -0.0000326 -0.1257328  0.0043552 -0.0000031  0.0000039  0.0000177
 14.6712377  0.0000071 -0.1252931  0.0043118 -0.0000036  0.0000021  0.0000174
 14.7340695  0.0000467 -0.1248629  0.0042699 -0.0000039  0.0000005  0.0000171
 14.7969014  0.0000834 -0.1244408  0.0042296 -0.0000036 -0.0000008  0.0000167
 14.8597333  0.0001141 -0.1240255  0.0041911 -0.0000028 -0.0000018  0.0000166
 14.9225651  0.0001364 -0.1236161  0.0041545 -0.0000013 -0.0000025  0.0000167
 14.9853970  0.0001486 -0.1232108  0.0041198  0.0000011 -0.0000029  0.0000170
 15.0482288  0.0001499 -0.1228077  0.0040868  0.0000041 -0.0000030  0.0000177
 15.1110607  0.0001400 -0.1224051  0.0040556  0.0000076 -0.0000030  0.0000186
 15.1738925  0.0001195 -0.1220013  0.0040257  0.0000117 -0.0000029  0.0000198
 15.2367244  0.0000904 -0.1215938  0.0039971  0.0000162 -0.0000026  0.0000212
 15.2995562  0.0000547 -0.1211817  0.0039697  0.0000207 -0.0000023  0.0000227
 15.3623881  0.0000155 -0.1207639  0.0039432  0.0000251 -0.0000018  0.0000241
 15.4252199 -0.0000244 -0.1203390  0.0039173  0.0000290 -0.0000012  0.0000254
 15.4880518 -0.0000612 -0.1199068  0.0038918  0.0000322 -0.0000003  0.0000263
 15.5508836 -0.0000923 -0.1194679  0.0038665  0.0000345  0.0000007  0.0000268
 15.6137155 -0.0001145 -0.1190230  0.0038411  0.0000357  0.0000020  0.0000268
 15.6765473 -0.0001261 -0.1185741  0.0038154  0.0000356  0.0000036  0.0000263
 15.7393792 -0.0001252 -0.1181232  0.0037890  0.0000342  0.0000053  0.0000252
 15.8022110 -0.0001117 -0.1176728  0.0037618  0.0000313  0.0000070  0.0000237
 15.8650429 -0.0000858 -0.1172257  0.0037338  0.0000272  0.0000088  0.0000217
 15.9278748 -0.0000486 -0.1167850  0.0037047  0.0000221  0.0000104  0.0000196
 15.9907066 -0.0000022 -0.1163535  0.0036744  0.0000162  0.0000118  0.0000174
 16.0535385  0.0000498 -0.1159330  0.0036431  0.0000099  0.0000130  0.0000154
 16.1163703  0.0001050 -0.1155256  0.0036108  0.0000036  0.0000137  0.0000136
 16.1792022  0.0001598 -0.1151321  0.0035776 -0.0000025  0.0000140  0.0000123
 16.2420340  0.0002103 -0.1147526  0.0035440 -0.0000079  0.0000138  0.0000115
 16.3048659  0.0002534 -0.1143862  0.0035099 -0.0000123  0.0000132  0.0000114
 16.3676977  0.0002868 -0.1140314  0.0034760 -0.0000154  0.0000122  0.0000118
 16.4305296  0.0003085 -0.1136855  0.0034425 -0.0000170  0.0000109  0.0000127
 16.4933614  0.0003168 -0.1133453  0.0034098 -0.0000169  0.0000095  0.0000142
 16.5561933  0.0003118 -0.1130075  0.0033783 -0.0000151  0.0000081  0.0000161
 16.6190251  0.0002946 -0.1126685  0.0033483 -0.0000118  0.0000070  0.0000182
 16.6818570  0.0002670 -0.1123248  0.0033199 -0.0000069  0.0000063  0.0000204
 16.7446888  0.0002317 -0.1119743  0.0032932 -0.0000009  0.0000062  0.0000224
 16.8075207  0.0001912 -0.1116144  0.0032685  0.0000061  0.0000068  0.0000241
 16.8703525  0.0001486 -0.1112448  0.0032455  0.0000136  0.0000080  0.0000252
 16.9331844  0.0001074 -0.1108649  0.0032243  0.0000211  0.0000100  0.0000258
 16.9960163  0.0000706 -0.1104765  0.0032045  0.0000282  0.0000124  0.0000256
 17.0588481  0.0000400 -0.1100816  0.0031857  0.0000346  0.0000152  0.0000247
 17.1216800  0.0000182 -0.1096828  0.0031678  0.0000399  0.0000183  0.0000232
 17.1845118  0.0000061 -0.1092843  0.0031500  0.0000438  0.0000212  0.0000211
 17.2473437  0.0000037 -0.1088897  0.0031322  0.0000463  0.0000239  0.0000186
 17.3101755  0.0000111 -0.1085025  0.0031139  0.0000468  0.0000262  0.0000159
 17.3730074  0.0000267 -0.1081267  0.0030948  0.0000456  0.0000278  0.0000130
 17.4358392  0.0000491 -0.1077644  0.0030747  0.0000426  0.0000285  0.0000103
 17.4986711  0.0000757 -0.1074178  0.0030535  0.0000380  0.0000284  0.0000078
 17.5615029  0.0001044 -0.1070877  0.0030312  0.0000321  0.0000275  0.0000057
 17.6243348  0.0001319 -0.1067740  0.0030078  0.0000250  0.0000256  0.0000041
 17.6871666  0.0001560 -0.1064752  0.0029835  0.0000172  0.0000230  0.0000032
 17.7499985  0.0001741 -0.1061888  0.0029585  0.0000090  0.0000199  0.0000030
 17.8128303  0.0001839 -0.1059117  0.0029331  0.0000008  0.0000165  0.0000035
 17.8756622  0.0001832 -0.1056399  0.0029078 -0.0000069  0.0000132  0.0000049
 17.9384941  0.0001714 -0.1053697  0.0028828 -0.0000137  0.0000100  0.0000070
 18.0013259  0.0001478 -0.1050971  0.0028587 -0.0000192  0.0000074  0.0000097
 18.0641578  0.0001130 -0.1048183  0.0028357 -0.0000232  0.0000054  0.0000130
 18.1269896  0.0000682 -0.1045307  0.0028140 -0.0000255  0.0000044  0.0000165
 18.1898215  0.0000152 -0.1042319  0.0027937 -0.0000261  0.0000043  0.0000203
 18.2526533 -0.0000436 -0.1039205  0.0027749 -0.0000250  0.0000050  0.0000241
 18.3154852 -0.0001047 -0.1035974  0.0027576 -0.0000224  0.0000066  0.0000277
 18.3783170 -0.0001652 -0.1032627  0.0027417 -0.0000182  0.0000089  0.0000309
 18.4411489 -0.0002210 -0.1029189  0.0027269 -0.0000128  0.0000116  0.0000337
 18.5039807 -0.0002689 -0.1025684  0.0027130 -0.0000069  0.0000147  0.0000357
 18.5668126 -0.0003056 -0.1022144  0.0026998 -0.0000005  0.0000178  0.0000370
 18.6296444 -0.0003284 -0.1018602  0.0026869  0.0000058  0.0000209  0.0000374
 18.6924763 -0.0003364 -0.1015105  0.0026740  0.0000118  0.0000234  0.0000368
 18.7553081 -0.0003282 -0.1011673  0.0026610  0.0000169  0.0000254  0.0000353
 18.8181400 -0.0003048 -0.1008339  0.0026475  0.0000209  0.0000266  0.0000331
 18.8809718 -0.0002680 -0.1005120  0.0026334  0.0000237  0.0000269  0.0000301
 18.9438037 -0.0002201 -0.1002026  0.0026185  0.0000251  0.0000264  0.0000267
 19.0066356 -0.0001645 -0.0999060  0.0026029  0.0000251  0.0000250  0.0000231
 19.0694674 -0.0001057 -0.0996213  0.0025865  0.0000238  0.0000229  0.0000195
 19.1322993 -0.0000482 -0.0993467  0.0025693  0.0000213  0.0000203  0.0000163
 19.1951311  0.0000035 -0.0990801  0.0025517  0.0000179  0.0000175  0.0000136
 19.2579630  0.0000453 -0.0988184  0.0025337  0.0000139  0.0000146  0.0000116
 19.3207948  0.0000733 -0.0985587  0.0025153  0.0000094  0.0000119  0.0000105
 19.3836267  0.0000857 -0.0982981  0.0024969  0.0000048  0.0000096  0.0000104
 19.4464585  0.0000808 -0.0980340  0.0024784  0.0000003  0.0000080  0.0000113
 19.5092904  0.0000585 -0.0977637  0.0024601 -0.0000039  0.0000071  0.0000132
 19.5721222  0.0000196 -0.0974860  0.0024421 -0.0000075  0.0000070  0.0000159
 19.6349541 -0.0000331 -0.0971998  0.0024243 -0.0000106  0.0000078  0.0000193
 19.6977859 -0.0000957 -0.0969049  0.0024068 -0.0000132  0.0000095  0.0000232
 19.7606178 -0.0001636 -0.0966024  0.0023897 -0.0000151  0.0000120  0.0000272
 19.8234496 -0.0002320 -0.0962932  0.0023729 -0.0000165  0.0000150  0.0000310
 19.8862815 -0.0002957 -0.0959795  0.0023565 -0.0000175  0.0000185  0.0000343
 19.9491134 -0.0003500 -0.0956634  0.0023404 -0.0000184  0.0000221  0.0000369
 20.0119452 -0.0003906 -0.0953474  0.0023245 -0.0000193  0.0000256  0.0000384
